ft-MSL,acres,acre-feet
906.6,0,0
906.7,0,0
906.8,0,0
906.9,0,0
907.0,0,0
907.1,0,0
907.2,0,0
907.3,0,0
907.4,0,0
907.5,0,0
907.6,0,0
907.7,0,0
907.8,0,0
907.9,0,0
908.0,0,0
908.1,0,0
908.2,0,0
908.3,0,0
908.4,0,0
908.5,0,0
908.6,0,0
908.7,0,0
908.8,0,0
908.9,0,0
909.0,0,0
909.1,0,0
909.2,0,0
909.3,0,0
909.4,0,0
909.5,0,0
909.6,0,0
909.7,0,0
909.8,0,0
909.9,0,0
910.0,0,0
910.1,0,0
910.2,0,0
910.3,0,0
910.4,0,0
910.5,0,0
910.6,0,0
910.7,0,0
910.8,0,0
910.9,0,0
911.0,0,0
911.1,0,0
911.2,0,0
911.3,0,0
911.4,0,0
911.5,0,0
911.6,0,0
911.7,0,0
911.8,0,0
911.9,0,0
912.0,0,0
912.1,0,0
912.2,0,0
912.3,0,0
912.4,0,0
912.5,0,0
912.6,0,0
912.7,0,0
912.8,0,0
912.9,0,0
913.0,0,0
913.1,0,0
913.2,0,0
913.3,0,0
913.4,0,0
913.5,0,0
913.6,0,0
913.7,0,0
913.8,1,0
913.9,2,0
914.0,3,1
914.1,4,1
914.2,8,2
914.3,10,2
914.4,13,4
914.5,15,5
914.6,18,7
914.7,20,9
914.8,22,11
914.9,24,13
915.0,25,16
915.1,27,18
915.2,30,21
915.3,33,24
915.4,39,28
915.5,45,32
915.6,51,37
915.7,57,42
915.8,63,48
915.9,69,55
916.0,74,62
916.1,79,69
916.2,83,77
916.3,88,86
916.4,92,95
916.5,96,104
916.6,100,114
916.7,104,124
916.8,109,135
916.9,115,146
917.0,120,158
917.1,125,170
917.2,130,183
917.3,135,196
917.4,141,210
917.5,147,224
917.6,154,240
917.7,161,255
917.8,167,272
917.9,174,289
918.0,180,306
918.1,186,325
918.2,193,344
918.3,199,363
918.4,205,384
918.5,211,404
918.6,217,426
918.7,222,448
918.8,227,470
918.9,233,493
919.0,238,517
919.1,244,541
919.2,249,565
919.3,254,591
919.4,258,616
919.5,263,642
919.6,268,669
919.7,272,696
919.8,277,723
919.9,281,751
920.0,285,779
920.1,289,808
920.2,293,837
920.3,297,867
920.4,301,896
920.5,305,927
920.6,309,957
920.7,313,988
920.8,317,1020
920.9,321,1052
921.0,324,1084
921.1,328,1117
921.2,332,1150
921.3,336,1183
921.4,340,1217
921.5,344,1251
921.6,348,1286
921.7,352,1321
921.8,357,1356
921.9,361,1392
922.0,365,1428
922.1,369,1465
922.2,373,1502
922.3,377,1540
922.4,381,1578
922.5,385,1616
922.6,389,1655
922.7,393,1694
922.8,397,1733
922.9,402,1773
923.0,406,1813
923.1,411,1854
923.2,415,1896
923.3,419,1937
923.4,424,1979
923.5,428,2022
923.6,432,2065
923.7,437,2108
923.8,442,2152
923.9,446,2197
924.0,451,2242
924.1,457,2287
924.2,462,2333
924.3,467,2379
924.4,473,2426
924.5,479,2474
924.6,484,2522
924.7,490,2571
924.8,496,2620
924.9,503,2670
925.0,510,2721
925.1,517,2772
925.2,525,2824
925.3,534,2877
925.4,542,2931
925.5,550,2986
925.6,558,3041
925.7,565,3097
925.8,573,3154
925.9,580,3212
926.0,587,3270
926.1,594,3329
926.2,602,3389
926.3,609,3449
926.4,617,3511
926.5,625,3573
926.6,633,3636
926.7,641,3699
926.8,648,3764
926.9,656,3829
927.0,663,3895
927.1,671,3962
927.2,678,4029
927.3,685,4097
927.4,692,4166
927.5,699,4236
927.6,706,4306
927.7,713,4377
927.8,720,4448
927.9,726,4521
928.0,733,4594
928.1,740,4667
928.2,748,4742
928.3,755,4817
928.4,761,4893
928.5,768,4969
928.6,775,5046
928.7,782,5124
928.8,789,5203
928.9,796,5282
929.0,803,5362
929.1,810,5443
929.2,817,5524
929.3,824,5606
929.4,831,5689
929.5,838,5772
929.6,845,5856
929.7,852,5941
929.8,859,6027
929.9,867,6113
930.0,874,6200
930.1,882,6288
930.2,890,6377
930.3,898,6466
930.4,906,6556
930.5,914,6647
930.6,921,6739
930.7,929,6831
930.8,936,6925
930.9,944,7019
931.0,952,7113
931.1,959,7209
931.2,967,7305
931.3,976,7402
931.4,984,7500
931.5,993,7599
931.6,1002,7699
931.7,1010,7800
931.8,1018,7901
931.9,1026,8003
932.0,1034,8106
932.1,1042,8210
932.2,1053,8315
932.3,1064,8420
932.4,1074,8527
932.5,1083,8635
932.6,1092,8744
932.7,1101,8854
932.8,1110,8964
932.9,1119,9076
933.0,1127,9188
933.1,1136,9301
933.2,1144,9415
933.3,1153,9530
933.4,1161,9646
933.5,1170,9762
933.6,1179,9880
933.7,1188,9998
933.8,1198,10117
933.9,1207,10238
934.0,1216,10359
934.1,1225,10481
934.2,1234,10604
934.3,1243,10728
934.4,1253,10853
934.5,1262,10978
934.6,1271,11105
934.7,1280,11233
934.8,1289,11361
934.9,1298,11490
935.0,1307,11621
935.1,1317,11752
935.2,1326,11884
935.3,1335,12017
935.4,1345,12151
935.5,1354,12286
935.6,1364,12422
935.7,1373,12559
935.8,1382,12697
935.9,1392,12835
936.0,1401,12975
936.1,1410,13115
936.2,1419,13257
936.3,1429,13399
936.4,1439,13543
936.5,1449,13687
936.6,1459,13833
936.7,1469,13979
936.8,1479,14126
936.9,1489,14275
937.0,1499,14424
937.1,1509,14574
937.2,1519,14726
937.3,1529,14878
937.4,1539,15032
937.5,1549,15186
937.6,1560,15341
937.7,1570,15498
937.8,1581,15655
937.9,1591,15814
938.0,1602,15974
938.1,1612,16134
938.2,1623,16296
938.3,1634,16459
938.4,1645,16623
938.5,1655,16788
938.6,1666,16954
938.7,1677,17121
938.8,1688,17289
938.9,1698,17459
939.0,1709,17629
939.1,1720,17800
939.2,1731,17973
939.3,1742,18147
939.4,1754,18322
939.5,1765,18497
939.6,1776,18674
939.7,1788,18853
939.8,1800,19032
939.9,1812,19213
940.0,1823,19394
940.1,1835,19577
940.2,1847,19761
940.3,1859,19947
940.4,1871,20133
940.5,1882,20321
940.6,1894,20510
940.7,1906,20700
940.8,1918,20891
940.9,1930,21083
941.0,1942,21277
941.1,1954,21472
941.2,1967,21668
941.3,1979,21865
941.4,1991,22063
941.5,2003,22263
941.6,2015,22464
941.7,2027,22666
941.8,2039,22869
941.9,2051,23074
942.0,2063,23279
942.1,2075,23486
942.2,2088,23695
942.3,2101,23904
942.4,2114,24115
942.5,2126,24327
942.6,2139,24540
942.7,2152,24755
942.8,2165,24970
942.9,2178,25188
943.0,2191,25406
943.1,2204,25626
943.2,2219,25847
943.3,2233,26070
943.4,2247,26294
943.5,2261,26519
943.6,2275,26746
943.7,2289,26974
943.8,2303,27204
943.9,2318,27435
944.0,2332,27667
944.1,2346,27901
944.2,2360,28136
944.3,2374,28373
944.4,2388,28611
944.5,2402,28851
944.6,2417,29092
944.7,2431,29334
944.8,2445,29578
944.9,2460,29823
945.0,2474,30070
945.1,2488,30318
945.2,2503,30567
945.3,2517,30818
945.4,2532,31071
945.5,2546,31325
945.6,2560,31580
945.7,2575,31837
945.8,2589,32095
945.9,2604,32355
946.0,2619,32616
946.1,2634,32878
946.2,2649,33142
946.3,2664,33408
946.4,2679,33675
946.5,2694,33944
946.6,2710,34214
946.7,2726,34486
946.8,2742,34759
946.9,2758,35034
947.0,2775,35311
947.1,2791,35589
947.2,2808,35869
947.3,2824,36150
947.4,2840,36434
947.5,2857,36719
947.6,2873,37005
947.7,2889,37293
947.8,2905,37583
947.9,2920,37874
948.0,2936,38167
948.1,2951,38461
948.2,2967,38757
948.3,2982,39055
948.4,2998,39354
948.5,3014,39654
948.6,3030,39956
948.7,3046,40260
948.8,3061,40565
948.9,3077,40873
949.0,3093,41181
949.1,3109,41491
949.2,3124,41803
949.3,3140,42116
949.4,3155,42431
949.5,3171,42747
949.6,3186,43065
949.7,3202,43384
949.8,3218,43705
949.9,3234,44028
950.0,3250,44352
950.1,3266,44678
950.2,3282,45005
950.3,3298,45334
950.4,3315,45665
950.5,3332,45997
950.6,3348,46331
950.7,3364,46667
950.8,3380,47004
950.9,3397,47343
951.0,3413,47683
951.1,3429,48025
951.2,3446,48369
951.3,3462,48714
951.4,3478,49062
951.5,3495,49410
951.6,3511,49760
951.7,3527,50112
951.8,3544,50466
951.9,3560,50821
952.0,3576,51178
952.1,3593,51536
952.2,3609,51896
952.3,3626,52258
952.4,3642,52622
952.5,3658,52987
952.6,3675,53353
952.7,3692,53722
952.8,3708,54091
952.9,3725,54463
953.0,3742,54837
953.1,3759,55212
953.2,3776,55588
953.3,3792,55967
953.4,3809,56347
953.5,3826,56729
953.6,3843,57112
953.7,3859,57497
953.8,3876,57884
953.9,3893,58272
954.0,3911,58663
954.1,3928,59054
954.2,3945,59448
954.3,3963,59843
954.4,3980,60241
954.5,3997,60640
954.6,4016,61040
954.7,4034,61443
954.8,4053,61847
954.9,4072,62253
955.0,4092,62662
955.1,4113,63072
955.2,4135,63484
955.3,4155,63899
955.4,4175,64315
955.5,4195,64734
955.6,4214,65154
955.7,4234,65577
955.8,4254,66001
955.9,4274,66428
956.0,4295,66856
956.1,4315,67286
956.2,4336,67719
956.3,4356,68153
956.4,4377,68590
956.5,4397,69029
956.6,4418,69469
956.7,4438,69912
956.8,4459,70357
956.9,4479,70804
957.0,4500,71253
957.1,4522,71704
957.2,4543,72157
957.3,4564,72613
957.4,4584,73070
957.5,4605,73530
957.6,4626,73991
957.7,4647,74455
957.8,4668,74920
957.9,4689,75389
958.0,4711,75858
958.1,4733,76330
958.2,4754,76805
958.3,4775,77281
958.4,4797,77760
958.5,4818,78241
958.6,4840,78724
958.7,4861,79209
958.8,4883,79696
958.9,4904,80185
959.0,4926,80677
959.1,4947,81170
959.2,4969,81666
959.3,4990,82164
959.4,5012,82664
959.5,5033,83166
959.6,5054,83671
959.7,5076,84177
959.8,5097,84686
959.9,5118,85197
960.0,5140,85710
960.1,5161,86225
960.2,5183,86742
960.3,5204,87261
960.4,5226,87783
960.5,5247,88306
960.6,5269,88832
960.7,5290,89360
960.8,5311,89890
960.9,5333,90423
961.0,5354,90957
961.1,5375,91493
961.2,5397,92032
961.3,5418,92573
961.4,5440,93116
961.5,5461,93661
961.6,5482,94208
961.7,5504,94757
961.8,5525,95308
961.9,5547,95862
962.0,5568,96418
962.1,5590,96975
962.2,5612,97536
962.3,5633,98098
962.4,5655,98663
962.5,5677,99229
962.6,5699,99798
962.7,5721,100369
962.8,5744,100942
962.9,5767,101518
963.0,5791,102095
963.1,5814,102676
963.2,5837,103258
963.3,5860,103843
963.4,5883,104430
963.5,5906,105020
963.6,5929,105611
963.7,5951,106206
963.8,5975,106802
963.9,5998,107401
964.0,6021,108001
964.1,6044,108604
964.2,6067,109210
964.3,6090,109818
964.4,6113,110428
964.5,6136,111041
964.6,6158,111655
964.7,6181,112272
964.8,6204,112892
964.9,6227,113513
965.0,6250,114137
965.1,6274,114763
965.2,6297,115392
965.3,6320,116023
965.4,6344,116656
965.5,6367,117291
965.6,6392,117929
965.7,6416,118570
965.8,6440,119212
965.9,6464,119858
966.0,6487,120505
966.1,6511,121155
966.2,6535,121807
966.3,6558,122462
966.4,6582,123119
966.5,6607,123779
966.6,6631,124440
966.7,6655,125105
966.8,6679,125771
966.9,6702,126441
967.0,6726,127112
967.1,6749,127785
967.2,6772,128462
967.3,6795,129140
967.4,6818,129821
967.5,6842,130504
967.6,6866,131189
967.7,6890,131877
967.8,6914,132567
967.9,6939,133260
968.0,6963,133955
968.1,6988,134652
968.2,7012,135353
968.3,7037,136055
968.4,7061,136760
968.5,7085,137467
968.6,7110,138177
968.7,7134,138889
968.8,7159,139604
968.9,7183,140321
969.0,7208,141040
969.1,7232,141762
969.2,7257,142487
969.3,7281,143214
969.4,7305,143943
969.5,7329,144675
969.6,7353,145409
969.7,7377,146146
969.8,7402,146884
969.9,7427,147626
970.0,7453,148370
970.1,7478,149116
970.2,7504,149866
970.3,7531,150617
970.4,7557,151372
970.5,7585,152129
970.6,7612,152888
970.7,7638,153651
970.8,7666,154416
970.9,7692,155184
971.0,7719,155955
971.1,7745,156728
971.2,7772,157504
971.3,7797,158282
971.4,7823,159063
971.5,7849,159847
971.6,7874,160633
971.7,7900,161422
971.8,7926,162213
971.9,7954,163007
972.0,7981,163804
972.1,8008,164603
972.2,8034,165405
972.3,8060,166210
972.4,8086,167018
972.5,8112,167827
972.6,8139,168640
972.7,8166,169455
972.8,8193,170273
972.9,8220,171094
973.0,8246,171917
973.1,8272,172743
973.2,8298,173572
973.3,8324,174402
973.4,8351,175237
973.5,8377,176073
973.6,8403,176911
973.7,8429,177753
973.8,8456,178597
973.9,8482,179445
974.0,8509,180294
974.1,8536,181146
974.2,8564,182001
974.3,8591,182859
974.4,8620,183720
974.5,8648,184583
974.6,8677,185449
974.7,8705,186318
974.8,8733,187190
974.9,8762,188065
975.0,8790,188942
975.1,8819,189823
975.2,8847,190706
975.3,8876,191592
975.4,8903,192482
975.5,8931,193373
975.6,8959,194267
975.7,8987,195165
975.8,9014,196065
975.9,9041,196968
976.0,9068,197873
976.1,9094,198781
976.2,9121,199692
976.3,9148,200605
976.4,9174,201522
976.5,9201,202440
976.6,9228,203361
976.7,9254,204286
976.8,9281,205212
976.9,9308,206142
977.0,9335,207074
977.1,9362,208009
977.2,9389,208947
977.3,9416,209887
977.4,9443,210830
977.5,9471,211775
977.6,9498,212724
977.7,9525,213675
977.8,9552,214629
977.9,9579,215586
978.0,9606,216545
978.1,9634,217507
978.2,9661,218472
978.3,9689,219439
978.4,9716,220410
978.5,9743,221382
978.6,9770,222358
978.7,9797,223336
978.8,9825,224317
978.9,9853,225302
979.0,9880,226288
979.1,9908,227277
979.2,9936,228270
979.3,9964,229264
979.4,9991,230263
979.5,10019,231263
979.6,10046,232266
979.7,10072,233272
979.8,10099,234280
979.9,10125,235292
980.0,10152,236306
980.1,10179,237322
980.2,10206,238342
980.3,10233,239363
980.4,10260,240388
980.5,10287,241415
980.6,10314,242445
980.7,10341,243478
980.8,10369,244514
980.9,10396,245552
981.0,10423,246593
981.1,10450,247636
981.2,10477,248683
981.3,10504,249732
981.4,10531,250784
981.5,10558,251838
981.6,10586,252895
981.7,10613,253955
981.8,10641,255018
981.9,10670,256084
982.0,10698,257152
982.1,10726,258223
982.2,10753,259297
982.3,10780,260373
982.4,10808,261453
982.5,10836,262535
982.6,10862,263620
982.7,10888,264708
982.8,10914,265798
982.9,10940,266891
983.0,10966,267986
983.1,10992,269083
983.2,11018,270184
983.3,11043,271287
983.4,11069,272393
983.5,11095,273501
983.6,11120,274611
983.7,11146,275725
983.8,11172,276841
983.9,11197,277960
984.0,11223,279080
984.1,11249,280204
984.2,11275,281330
984.3,11301,282459
984.4,11328,283591
984.5,11354,284724
984.6,11380,285861
984.7,11406,287001
984.8,11432,288142
984.9,11458,289287
985.0,11485,290434
985.1,11511,291584
985.2,11537,292736
985.3,11563,293891
985.4,11590,295049
985.5,11616,296209
985.6,11642,297372
985.7,11668,298538
985.8,11694,299706
985.9,11720,300877
986.0,11746,302050
986.1,11771,303225
986.2,11797,304404
986.3,11823,305585
986.4,11850,306769
986.5,11876,307955
986.6,11902,309144
986.7,11927,310336
986.8,11952,311529
986.9,11976,312726
987.0,12001,313925
987.1,12025,315126
987.2,12050,316330
987.3,12074,317536
987.4,12099,318745
987.5,12124,319956
987.6,12149,321169
987.7,12175,322386
987.8,12200,323604
987.9,12225,324826
988.0,12250,326049
988.1,12275,327275
988.2,12300,328504
988.3,12326,329735
988.4,12351,330970
988.5,12376,332206
988.6,12402,333444
988.7,12427,334686
988.8,12452,335930
988.9,12478,337177
989.0,12503,338426
989.1,12529,339677
989.2,12554,340932
989.3,12579,342188
989.4,12604,343448
989.5,12629,344709
989.6,12653,345973
989.7,12677,347240
989.8,12701,348508
989.9,12726,349780
990.0,12750,351054
990.1,12774,352329
990.2,12798,353609
990.3,12822,354889
990.4,12846,356173
990.5,12870,357459
990.6,12895,358747
990.7,12919,360038
990.8,12943,361331
990.9,12967,362627
991.0,12992,363924
991.1,13017,365224
991.2,13041,366528
991.3,13066,367833
991.4,13091,369141
991.5,13116,370451
991.6,13141,371764
991.7,13167,373079
991.8,13193,374397
991.9,13219,375718
992.0,13245,377041
992.1,13271,378366
992.2,13297,379695
992.3,13325,381026
992.4,13359,382361
992.5,13393,383698
992.6,13428,385039
992.7,13463,386384
992.8,13497,387732
992.9,13530,389083
993.0,13562,390438
993.1,13592,391795
993.2,13622,393156
993.3,13651,394520
993.4,13680,395887
993.5,13709,397256
993.6,13737,398628
993.7,13766,400003
993.8,13795,401381
993.9,13823,402763
994.0,13850,404146
994.1,13876,405532
994.2,13903,406921
994.3,13928,408313
994.4,13953,409707
994.5,13977,411103
994.6,14001,412502
994.7,14025,413904
994.8,14049,415307
994.9,14073,416714
995.0,14097,418122
995.1,14121,419532
995.2,14145,420946
995.3,14170,422361
995.4,14196,423780
995.5,14221,425201
995.6,14246,426624
995.7,14270,428050
995.8,14296,429478
995.9,14321,430909
996.0,14346,432342
996.1,14371,433778
996.2,14395,435217
996.3,14419,436657
996.4,14443,438101
996.5,14467,439546
996.6,14490,440993
996.7,14514,442444
996.8,14537,443896
996.9,14560,445352
997.0,14583,446808
997.1,14606,448267
997.2,14629,449730
997.3,14652,451193
997.4,14675,452660
997.5,14698,454128
997.6,14721,455599
997.7,14744,457073
997.8,14768,458548
997.9,14791,460027
998.0,14816,461507
998.1,14840,462989
998.2,14865,464475
998.3,14891,465962
998.4,14918,467453
998.5,14947,468946
998.6,14978,470442
998.7,15015,471942
998.8,15123,473447
998.9,15237,474966
999.0,15289,476493
999.1,15326,478023
999.2,15358,479558
999.3,15389,481095
999.4,15419,482636
999.5,15449,484179
999.6,15478,485725
999.7,15508,487275
999.8,15538,488827
999.9,15570,490383
1000.0,15602,491941
1000.1,15635,493502
1000.2,15670,495068
1000.3,15707,496636
1000.4,15746,498210
1000.5,15786,499786
1000.6,15825,501366
1000.7,15866,502951
1000.8,15909,504539
1000.9,15952,506133
1001.0,15995,507730
1001.1,16036,509331
1001.2,16075,510937
1001.3,16114,512547
1001.4,16154,514161
1001.5,16195,515778
1001.6,16235,517399
1001.7,16272,519025
1001.8,16308,520653
1001.9,16344,522287
1002.0,16378,523922
1002.1,16412,525561
1002.2,16445,527205
1002.3,16478,528851
1002.4,16510,530501
1002.5,16541,532153
1002.6,16573,533808
1002.7,16603,535467
1002.8,16634,537129
1002.9,16665,538794
1003.0,16697,540462
1003.1,16729,542133
1003.2,16761,543808
1003.3,16793,545485
1003.4,16825,547167
1003.5,16858,548851
1003.6,16893,550538
1003.7,16928,552229
1003.8,16964,553924
1003.9,16999,555622
1004.0,17035,557324
1004.1,17072,559029
1004.2,17109,560738
1004.3,17145,562451
1004.4,17180,564168
1004.5,17215,565887
1004.6,17249,567610
1004.7,17283,569337
1004.8,17316,571066
1004.9,17350,572800
1005.0,17383,574537
1005.1,17417,576276
1005.2,17453,578020
1005.3,17488,579767
1005.4,17523,581518
1005.5,17559,583272
1005.6,17596,585029
1005.7,17633,586791
1005.8,17671,588556
1005.9,17708,590326
1006.0,17745,592098
1006.1,17782,593874
1006.2,17821,595655
1006.3,17861,597438
1006.4,17904,599227
1006.5,17950,601019
1006.6,17999,602816
1006.7,18046,604619
1006.8,18092,606426
1006.9,18135,608238
1007.0,18176,610053
1007.1,18215,611872
1007.2,18253,613696
1007.3,18289,615523
1007.4,18325,617354
1007.5,18361,619188
1007.6,18397,621025
1007.7,18433,622868
1007.8,18470,624712
1007.9,18508,626562
1008.0,18548,628414
1008.1,18590,630271
1008.2,18634,632133
1008.3,18678,633998
1008.4,18721,635868
1008.5,18765,637742
1008.6,18810,639620
1008.7,18856,641504
1008.8,18899,643392
1008.9,18942,645284
1009.0,18984,647180
1009.1,19024,649080
1009.2,19063,650985
1009.3,19099,652893
1009.4,19134,654805
1009.5,19168,656720
1009.6,19201,658638
1009.7,19236,660560
1009.8,19270,662485
1009.9,19305,664415
1010.0,19340,666347
1010.1,19375,668282
1010.2,19411,670222
1010.3,19447,672164
1010.4,19484,674112
1010.5,19523,676061
1010.6,19560,678015
1010.7,19599,679974
1010.8,19637,681935
1010.9,19676,683902
1011.0,19717,685871
1011.1,19762,687844
1011.2,19805,689823
1011.3,19847,691805
1011.4,19889,693793
1011.5,19931,695783
1011.6,19973,697778
1011.7,20013,699778
1011.8,20052,701781
1011.9,20090,703789
1012.0,20128,705799
1012.1,20166,707813
1012.2,20203,709833
1012.3,20240,711854
1012.4,20277,713881
1012.5,20313,715910
1012.6,20349,717943
1012.7,20383,719980
1012.8,20416,722019
1012.9,20448,724063
1013.0,20479,726109
1013.1,20508,728158
1013.2,20537,730211
1013.3,20565,732266
1013.4,20594,734324
1013.5,20622,736385
1013.6,20651,738448
1013.7,20681,740515
1013.8,20710,742584
1013.9,20739,744658
1014.0,20769,746732
1014.1,20800,748810
1014.2,20832,750893
1014.3,20863,752977
1014.4,20893,755065
1014.5,20923,757156
1014.6,20953,759249
1014.7,20982,761346
1014.8,21011,763446
1014.9,21039,765549
1015.0,21066,767654
1015.1,21093,769761
1015.2,21118,771872
1015.3,21143,773985
1015.4,21168,776101
1015.5,21192,778219
1015.6,21215,780338
1015.7,21239,782462
1015.8,21261,784586
1015.9,21284,786715
1016.0,21306,788844
1016.1,21329,790975
1016.2,21351,793110
1016.3,21374,795245
1016.4,21397,797385
1016.5,21420,799525
1016.6,21443,801668
1016.7,21467,803814
1016.8,21490,805961
1016.9,21512,808112
1017.0,21534,810264
1017.1,21555,812418
1017.2,21576,814575
1017.3,21595,816733
1017.4,21613,818894
1017.5,21630,821056
1017.6,21645,823219
1017.7,21660,825385
1017.8,21674,827551
1017.9,21688,829720
1018.0,21701,831889
1018.1,21715,834059
1018.2,21729,836232
1018.3,21742,838405
1018.4,21757,840581
1018.5,21771,842757
1018.6,21786,844934
1018.7,21801,847114
1018.8,21816,849295
1018.9,21831,851478
1019.0,21846,853661
1019.1,21862,855846
1019.2,21877,858034
1019.3,21893,860222
1019.4,21909,862413
1019.5,21925,864604
1019.6,21942,866796
1019.7,21959,868992
1019.8,21978,871189
1019.9,21997,873388
1020.0,22017,875588
1020.1,22038,877791
1020.2,22061,879996
1020.3,22085,882203
1020.4,22111,884414
1020.5,22137,886625
1020.6,22165,888840
1020.7,22194,891059
1020.8,22223,893279
1020.9,22254,895504
1021.0,22285,897730
1021.1,22316,899960
1021.2,22348,902194
1021.3,22380,904430
1021.4,22413,906670
1021.5,22446,908912
1021.6,22479,911158
1021.7,22512,913408
1021.8,22545,915661
1021.9,22578,917918
1022.0,22611,920173
1022.1,22644,922431
1022.2,22677,924694
1022.3,22710,926958
1022.4,22742,929228
1022.5,22775,931499
1022.6,22806,933774
1022.7,22838,936053
1022.8,22870,938334
1022.9,22901,940619
1023.0,22932,942906
1023.1,22962,945196
1023.2,22992,947491
1023.3,23022,949787
1023.4,23052,952087
1023.5,23081,954389
1023.6,23111,956694
1023.7,23139,959004
1023.8,23168,961315
1023.9,23197,963630
1024.0,23225,965946
1024.1,23253,968266
1024.2,23282,970588
1024.3,23310,972916
1024.4,23338,975243
1024.5,23366,977574
1024.6,23393,979907
1024.7,23421,982244
1024.8,23448,984585
1024.9,23475,986927
1025.0,23502,989271
1025.1,23529,991618
1025.2,23556,993968
1025.3,23583,996323
1025.4,23609,998678
1025.5,23636,1001036
1025.6,23663,1003396
1025.7,23690,1005759
1025.8,23716,1008128
1025.9,23743,1010496
1026.0,23769,1012867
1026.1,23796,1015241
1026.2,23822,1017617
1026.3,23849,1019999
1026.4,23875,1022381
1026.5,23901,1024765
1026.6,23927,1027152
1026.7,23953,1029541
1026.8,23979,1031936
1026.9,24006,1034331
1027.0,24032,1036728
1027.1,24058,1039128
1027.2,24084,1041531
1027.3,24110,1043939
1027.4,24137,1046346
1027.5,24163,1048757
1027.6,24189,1051170
1027.7,24215,1053585
1027.8,24241,1056006
1027.9,24268,1058427
1028.0,24294,1060851
1028.1,24320,1063277
1028.2,24346,1065706
1028.3,24372,1068140
1028.4,24398,1070574
1028.5,24425,1073010
1028.6,24451,1075450
1028.7,24477,1077891
1028.8,24503,1080339
1028.9,24529,1082786
1029.0,24554,1085235
1029.1,24580,1087687
1029.2,24605,1090142
1029.3,24631,1092602
1029.4,24657,1095062
1029.5,24682,1097524
1029.6,24708,1099989
1029.7,24733,1102457
1029.8,24759,1104930
1029.9,24784,1107402
1030.0,24810,1109877
1030.1,24836,1112355
1030.2,24861,1114835
1030.3,24887,1117321
1030.4,24912,1119806
1030.5,24938,1122294
1030.6,24963,1124785
1030.7,24989,1127278
1030.8,25014,1129776
1030.9,25040,1132274
1031.0,25065,1134775
1031.1,25090,1137278
1031.2,25115,1139784
1031.3,25141,1142295
1031.4,25166,1144806
1031.5,25191,1147319
1031.6,25217,1149835
1031.7,25242,1152353
1031.8,25268,1154877
1031.9,25293,1157401
1032.0,25319,1159927
1032.1,25344,1162455
1032.2,25370,1164986
1032.3,25396,1167523
1032.4,25422,1170059
1032.5,25448,1172598
1032.6,25474,1175140
1032.7,25500,1177684
1032.8,25526,1180234
1032.9,25552,1182783
1033.0,25577,1185335
1033.1,25603,1187889
1033.2,25629,1190446
1033.3,25655,1193009
1033.4,25681,1195571
1033.5,25707,1198136
1033.6,25733,1200703
1033.7,25759,1203273
1033.8,25785,1205849
1033.9,25811,1208424
1034.0,25838,1211002
1034.1,25864,1213582
1034.2,25890,1216165
1034.3,25916,1218754
1034.4,25942,1221342
1034.5,25968,1223933
1034.6,25994,1226527
1034.7,26020,1229123
1034.8,26046,1231725
1034.9,26072,1234326
1035.0,26097,1236930
