ft-MSL, acres, acre-feet
501.7,0,1
501.8,1,1
501.9,2,1
502.0,3,1
502.1,4,1
502.2,7,2
502.3,11,3
502.4,17,4
502.5,21,6
502.6,24,8
502.7,28,11
502.8,33,14
502.9,36,17
503.0,40,21
503.1,43,25
503.2,46,30
503.3,49,35
503.4,52,40
503.5,56,45
503.6,59,51
503.7,63,57
503.8,67,63
503.9,71,70
504.0,76,78
504.1,79,85
504.2,81,93
504.3,84,102
504.4,87,110
504.5,91,119
504.6,94,128
504.7,97,138
504.8,101,148
504.9,104,158
505.0,108,169
505.1,111,180
505.2,115,191
505.3,120,203
505.4,125,215
505.5,129,228
505.6,133,241
505.7,138,254
505.8,143,268
505.9,148,283
506.0,154,298
506.1,159,313
506.2,165,330
506.3,171,346
506.4,176,364
506.5,180,382
506.6,185,400
506.7,189,418
506.8,193,438
506.9,197,457
507.0,201,477
507.1,205,497
507.2,209,518
507.3,212,539
507.4,217,560
507.5,222,582
507.6,230,605
507.7,236,628
507.8,242,652
507.9,247,677
508.0,252,702
508.1,257,727
508.2,262,753
508.3,267,779
508.4,272,806
508.5,276,834
508.6,280,862
508.7,285,890
508.8,289,918
508.9,293,948
509.0,296,977
509.1,299,1007
509.2,302,1037
509.3,305,1067
509.4,308,1098
509.5,311,1129
509.6,314,1160
509.7,317,1192
509.8,320,1224
509.9,323,1256
510.0,326,1288
510.1,328,1321
510.2,330,1354
510.3,333,1387
510.4,336,1420
510.5,338,1454
510.6,341,1488
510.7,344,1522
510.8,347,1557
510.9,349,1592
511.0,352,1627
511.1,355,1662
511.2,357,1698
511.3,360,1733
511.4,363,1770
511.5,366,1806
511.6,370,1843
511.7,373,1880
511.8,375,1917
511.9,378,1955
512.0,381,1993
512.1,384,2031
512.2,388,2070
512.3,391,2109
512.4,394,2148
512.5,397,2188
512.6,400,2227
512.7,403,2268
512.8,406,2308
512.9,410,2349
513.0,412,2390
513.1,415,2431
513.2,418,2473
513.3,421,2515
513.4,424,2557
513.5,427,2600
513.6,429,2642
513.7,431,2685
513.8,434,2729
513.9,437,2772
514.0,440,2816
514.1,443,2860
514.2,445,2904
514.3,447,2949
514.4,450,2994
514.5,452,3039
514.6,454,3084
514.7,456,3130
514.8,459,3176
514.9,461,3222
515.0,463,3268
515.1,467,3314
515.2,471,3361
515.3,474,3408
515.4,478,3456
515.5,482,3504
515.6,486,3552
515.7,490,3601
515.8,493,3650
515.9,497,3700
516.0,501,3750
516.1,504,3800
516.2,508,3850
516.3,511,3901
516.4,515,3953
516.5,518,4004
516.6,521,4056
516.7,524,4108
516.8,527,4161
516.9,529,4214
517.0,532,4267
517.1,535,4320
517.2,537,4374
517.3,540,4428
517.4,544,4482
517.5,548,4536
517.6,552,4591
517.7,558,4647
517.8,563,4703
517.9,567,4759
518.0,571,4816
518.1,574,4874
518.2,578,4931
518.3,583,4989
518.4,587,5048
518.5,592,5107
518.6,596,5166
518.7,600,5226
518.8,604,5286
518.9,608,5347
519.0,612,5408
519.1,615,5469
519.2,619,5531
519.3,624,5593
519.4,628,5656
519.5,633,5719
519.6,638,5782
519.7,642,5846
519.8,646,5911
519.9,650,5975
520.0,653,6040
520.1,656,6106
520.2,660,6172
520.3,664,6238
520.4,667,6304
520.5,670,6371
520.6,673,6438
520.7,676,6506
520.8,679,6574
520.9,682,6642
521.0,685,6710
521.1,687,6779
521.2,690,6848
521.3,692,6917
521.4,695,6986
521.5,698,7056
521.6,701,7126
521.7,703,7196
521.8,706,7266
521.9,708,7337
522.0,711,7408
522.1,714,7479
522.2,718,7551
522.3,722,7623
522.4,727,7695
522.5,732,7768
522.6,736,7841
522.7,741,7915
522.8,747,7990
522.9,752,8065
523.0,756,8140
523.1,761,8216
523.2,765,8292
523.3,769,8369
523.4,773,8446
523.5,779,8524
523.6,785,8602
523.7,791,8681
523.8,796,8760
523.9,800,8840
524.0,805,8920
524.1,809,9001
524.2,813,9082
524.3,818,9163
524.4,822,9245
524.5,827,9328
524.6,832,9411
524.7,836,9494
524.8,840,9578
524.9,844,9662
525.0,848,9747
525.1,852,9832
525.2,855,9917
525.3,859,10003
525.4,862,10089
525.5,865,10175
525.6,868,10262
525.7,872,10349
525.8,875,10436
525.9,878,10524
526.0,881,10612
526.1,884,10700
526.2,887,10788
526.3,890,10877
526.4,893,10966
526.5,896,11056
526.6,898,11146
526.7,901,11236
526.8,904,11326
526.9,906,11416
527.0,909,11507
527.1,912,11598
527.2,915,11689
527.3,919,11781
527.4,923,11873
527.5,927,11966
527.6,931,12059
527.7,936,12152
527.8,940,12246
527.9,943,12340
528.0,947,12434
528.1,950,12529
528.2,954,12624
528.3,958,12720
528.4,961,12816
528.5,965,12912
528.6,968,13009
528.7,972,13106
528.8,975,13203
528.9,979,13301
529.0,982,13399
529.1,985,13497
529.2,988,13596
529.3,991,13695
529.4,994,13794
529.5,997,13894
529.6,1000,13994
529.7,1003,14094
529.8,1006,14194
529.9,1009,14295
530.0,1012,14396
530.1,1015,14498
530.2,1018,14599
530.3,1021,14701
530.4,1024,14803
530.5,1027,14906
530.6,1030,15009
530.7,1034,15112
530.8,1037,15216
530.9,1041,15319
531.0,1044,15424
531.1,1047,15528
531.2,1050,15633
531.3,1053,15738
531.4,1056,15844
531.5,1059,15950
531.6,1062,16056
531.7,1065,16162
531.8,1068,16269
531.9,1071,16376
532.0,1074,16483
532.1,1076,16590
532.2,1079,16698
532.3,1081,16806
532.4,1084,16914
532.5,1087,17023
532.6,1090,17132
532.7,1092,17241
532.8,1095,17350
532.9,1097,17460
533.0,1100,17570
533.1,1103,17680
533.2,1105,17790
533.3,1108,17901
533.4,1111,18012
533.5,1113,18123
533.6,1116,18234
533.7,1119,18346
533.8,1122,18458
533.9,1124,18571
534.0,1127,18683
534.1,1130,18796
534.2,1132,18909
534.3,1135,19022
534.4,1138,19136
534.5,1140,19250
534.6,1143,19364
534.7,1146,19478
534.8,1148,19593
534.9,1152,19708
535.0,1155,19823
535.1,1159,19939
535.2,1164,20055
535.3,1168,20172
535.4,1173,20289
535.5,1177,20406
535.6,1182,20524
535.7,1187,20643
535.8,1192,20762
535.9,1197,20881
536.0,1202,21001
536.1,1207,21122
536.2,1211,21243
536.3,1215,21364
536.4,1219,21486
536.5,1223,21608
536.6,1228,21730
536.7,1232,21853
536.8,1237,21977
536.9,1242,22101
537.0,1247,22225
537.1,1251,22350
537.2,1255,22475
537.3,1259,22601
537.4,1264,22727
537.5,1268,22854
537.6,1272,22981
537.7,1276,23108
537.8,1280,23236
537.9,1284,23364
538.0,1288,23493
538.1,1293,23622
538.2,1297,23751
538.3,1302,23881
538.4,1306,24012
538.5,1310,24142
538.6,1315,24274
538.7,1319,24405
538.8,1323,24537
538.9,1327,24670
539.0,1330,24803
539.1,1334,24936
539.2,1338,25070
539.3,1342,25203
539.4,1346,25338
539.5,1349,25473
539.6,1353,25608
539.7,1357,25743
539.8,1360,25879
539.9,1364,26015
540.0,1367,26152
540.1,1370,26289
540.2,1374,26426
540.3,1378,26563
540.4,1381,26701
540.5,1385,26840
540.6,1389,26978
540.7,1392,27117
540.8,1396,27257
540.9,1399,27396
541.0,1403,27537
541.1,1406,27677
541.2,1409,27818
541.3,1413,27959
541.4,1416,28100
541.5,1419,28242
541.6,1423,28384
541.7,1426,28526
541.8,1429,28669
541.9,1433,28812
542.0,1436,28956
542.1,1439,29099
542.2,1443,29244
542.3,1446,29388
542.4,1450,29533
542.5,1453,29678
542.6,1457,29823
542.7,1460,29969
542.8,1464,30115
542.9,1468,30262
543.0,1472,30409
543.1,1476,30556
543.2,1480,30704
543.3,1484,30852
543.4,1488,31001
543.5,1492,31150
543.6,1496,31299
543.7,1500,31449
543.8,1504,31599
543.9,1507,31750
544.0,1511,31901
544.1,1514,32052
544.2,1518,32204
544.3,1522,32356
544.4,1526,32508
544.5,1530,32661
544.6,1534,32814
544.7,1538,32968
544.8,1542,33122
544.9,1547,33276
545.0,1551,33431
545.1,1555,33586
545.2,1559,33742
545.3,1563,33898
545.4,1568,34055
545.5,1575,34212
545.6,1584,34370
545.7,1591,34528
545.8,1598,34688
545.9,1604,34848
546.0,1610,35008
546.1,1615,35170
546.2,1621,35332
546.3,1626,35494
546.4,1631,35657
546.5,1637,35820
546.6,1642,35984
546.7,1647,36148
546.8,1652,36313
546.9,1658,36479
547.0,1664,36645
547.1,1670,36812
547.2,1675,36979
547.3,1681,37147
547.4,1686,37315
547.5,1691,37484
547.6,1696,37653
547.7,1701,37823
547.8,1706,37993
547.9,1710,38164
548.0,1715,38335
548.1,1720,38507
548.2,1724,38679
548.3,1728,38852
548.4,1733,39025
548.5,1737,39198
548.6,1742,39372
548.7,1746,39547
548.8,1750,39722
548.9,1754,39897
549.0,1758,40072
549.1,1762,40248
549.2,1766,40425
549.3,1770,40602
549.4,1774,40779
549.5,1778,40956
549.6,1782,41134
549.7,1787,41313
549.8,1791,41492
549.9,1795,41671
550.0,1799,41851
550.1,1803,42031
550.2,1808,42212
550.3,1813,42393
550.4,1819,42574
550.5,1824,42756
550.6,1830,42939
550.7,1835,43122
550.8,1840,43306
550.9,1845,43490
551.0,1850,43675
551.1,1854,43860
551.2,1859,44046
551.3,1864,44232
551.4,1869,44418
551.5,1874,44606
551.6,1880,44793
551.7,1886,44982
551.8,1891,45170
551.9,1896,45360
552.0,1901,45550
552.1,1906,45740
552.2,1912,45931
552.3,1917,46122
552.4,1922,46314
552.5,1927,46507
552.6,1932,46699
552.7,1937,46893
552.8,1942,47087
552.9,1947,47281
553.0,1952,47476
553.1,1957,47672
553.2,1962,47868
553.3,1967,48064
553.4,1972,48261
553.5,1977,48458
553.6,1983,48656
553.7,1988,48855
553.8,1993,49054
553.9,1998,49253
554.0,2003,49453
554.1,2008,49654
554.2,2013,49855
554.3,2018,50056
554.4,2022,50259
554.5,2027,50461
554.6,2031,50664
554.7,2036,50867
554.8,2040,51071
554.9,2045,51275
555.0,2049,51480
555.1,2053,51685
555.2,2058,51891
555.3,2062,52097
555.4,2066,52303
555.5,2071,52510
555.6,2075,52717
555.7,2080,52925
555.8,2084,53133
555.9,2088,53342
556.0,2093,53551
556.1,2097,53760
556.2,2101,53970
556.3,2106,54180
556.4,2110,54391
556.5,2114,54602
556.6,2118,54814
556.7,2123,55026
556.8,2127,55239
556.9,2132,55452
557.0,2136,55665
557.1,2140,55879
557.2,2145,56093
557.3,2149,56308
557.4,2154,56523
557.5,2158,56738
557.6,2162,56954
557.7,2167,57171
557.8,2171,57388
557.9,2176,57605
558.0,2180,57823
558.1,2185,58041
558.2,2189,58260
558.3,2194,58479
558.4,2198,58699
558.5,2203,58919
558.6,2207,59139
558.7,2212,59360
558.8,2217,59582
558.9,2222,59804
559.0,2227,60026
559.1,2232,60249
559.2,2238,60472
559.3,2244,60696
559.4,2251,60921
559.5,2256,61147
559.6,2262,61372
559.7,2268,61599
559.8,2275,61826
559.9,2281,62054
560.0,2287,62282
560.1,2293,62511
560.2,2298,62741
560.3,2304,62971
560.4,2310,63202
560.5,2315,63433
560.6,2321,63665
560.7,2326,63897
560.8,2331,64130
560.9,2337,64363
561.0,2342,64597
561.1,2348,64832
561.2,2354,65067
561.3,2359,65303
561.4,2365,65539
561.5,2372,65776
561.6,2379,66013
561.7,2387,66251
561.8,2395,66490
561.9,2403,66730
562.0,2410,66971
562.1,2417,67212
562.2,2423,67454
562.3,2430,67697
562.4,2437,67940
562.5,2444,68184
562.6,2451,68429
562.7,2458,68675
562.8,2465,68921
562.9,2472,69168
563.0,2478,69415
563.1,2484,69663
563.2,2490,69912
563.3,2497,70161
563.4,2503,70411
563.5,2510,70662
563.6,2516,70913
563.7,2522,71165
563.8,2528,71418
563.9,2534,71671
564.0,2540,71925
564.1,2546,72179
564.2,2552,72434
564.3,2558,72689
564.4,2565,72946
564.5,2571,73202
564.6,2578,73460
564.7,2584,73718
564.8,2590,73977
564.9,2596,74236
565.0,2602,74496
565.1,2608,74756
565.2,2614,75017
565.3,2620,75279
565.4,2626,75541
565.5,2632,75804
565.6,2638,76068
565.7,2644,76332
565.8,2650,76596
565.9,2655,76862
566.0,2661,77128
566.1,2667,77394
566.2,2672,77661
566.3,2678,77928
566.4,2684,78197
566.5,2689,78465
566.6,2695,78734
566.7,2701,79004
566.8,2707,79275
566.9,2713,79546
567.0,2719,79817
567.1,2725,80089
567.2,2731,80362
567.3,2738,80636
567.4,2746,80910
567.5,2754,81185
567.6,2761,81461
567.7,2769,81737
567.8,2776,82014
567.9,2784,82292
568.0,2792,82571
568.1,2800,82851
568.2,2807,83131
568.3,2815,83412
568.4,2823,83694
568.5,2831,83977
568.6,2838,84260
568.7,2844,84544
568.8,2851,84829
568.9,2858,85115
569.0,2865,85401
569.1,2871,85687
569.2,2878,85975
569.3,2885,86263
569.4,2892,86552
569.5,2899,86842
569.6,2907,87132
569.7,2915,87423
569.8,2923,87715
569.9,2929,88007
570.0,2936,88301
570.1,2943,88595
570.2,2950,88889
570.3,2957,89185
570.4,2965,89481
570.5,2972,89778
570.6,2980,90075
570.7,2988,90374
570.8,2995,90673
570.9,3002,90973
571.0,3010,91273
571.1,3017,91574
571.2,3025,91877
571.3,3032,92179
571.4,3041,92483
571.5,3049,92788
571.6,3057,93093
571.7,3064,93399
571.8,3072,93706
571.9,3080,94013
572.0,3087,94322
572.1,3095,94631
572.2,3102,94941
572.3,3110,95251
572.4,3117,95563
572.5,3125,95875
572.6,3134,96187
572.7,3143,96501
572.8,3153,96816
572.9,3163,97132
573.0,3173,97449
573.1,3183,97766
573.2,3193,98085
573.3,3202,98405
573.4,3211,98726
573.5,3219,99047
573.6,3227,99369
573.7,3236,99693
573.8,3245,100017
573.9,3253,100342
574.0,3262,100667
574.1,3271,100994
574.2,3280,101322
574.3,3289,101650
574.4,3298,101979
574.5,3306,102309
574.6,3315,102640
574.7,3323,102972
574.8,3331,103305
574.9,3340,103639
575.0,3348,103973
575.1,3356,104308
575.2,3364,104644
575.3,3373,104981
575.4,3382,105319
575.5,3391,105657
575.6,3400,105997
575.7,3408,106337
575.8,3417,106679
575.9,3426,107021
576.0,3435,107364
576.1,3443,107708
576.2,3452,108052
576.3,3460,108398
576.4,3469,108745
576.5,3478,109092
576.6,3486,109440
576.7,3495,109789
576.8,3504,110139
576.9,3513,110490
577.0,3523,110842
577.1,3532,111194
577.2,3541,111548
577.3,3550,111903
577.4,3559,112258
577.5,3568,112614
577.6,3579,112972
577.7,3591,113330
577.8,3602,113690
577.9,3612,114051
578.0,3622,114412
578.1,3632,114775
578.2,3642,115139
578.3,3653,115503
578.4,3664,115869
578.5,3675,116236
578.6,3686,116604
578.7,3697,116973
578.8,3709,117344
578.9,3719,117715
579.0,3730,118087
579.1,3740,118461
579.2,3750,118836
579.3,3761,119211
579.4,3771,119588
579.5,3780,119965
579.6,3791,120344
579.7,3801,120723
579.8,3810,121104
579.9,3820,121485
580.0,3829,121868
580.1,3838,122251
580.2,3847,122636
580.3,3856,123021
580.4,3865,123407
580.5,3874,123794
580.6,3883,124181
580.7,3892,124570
580.8,3902,124960
580.9,3912,125351
581.0,3921,125742
581.1,3930,126135
581.2,3938,126528
581.3,3947,126922
581.4,3956,127318
581.5,3964,127714
581.6,3973,128110
581.7,3981,128508
581.8,3990,128907
581.9,3998,129306
582.0,4007,129706
582.1,4016,130107
582.2,4024,130509
582.3,4033,130912
582.4,4041,131316
582.5,4049,131720
582.6,4058,132126
582.7,4066,132532
582.8,4075,132939
582.9,4083,133347
583.0,4091,133756
583.1,4099,134165
583.2,4107,134575
583.3,4114,134986
583.4,4122,135398
583.5,4129,135811
583.6,4137,136224
583.7,4144,136638
583.8,4152,137053
583.9,4159,137469
584.0,4166,137885
584.1,4174,138302
584.2,4181,138720
584.3,4188,139138
584.4,4195,139557
584.5,4203,139977
584.6,4210,140398
584.7,4217,140819
584.8,4224,141241
584.9,4231,141664
585.0,4238,142087
585.1,4246,142511
585.2,4253,142937
585.3,4260,143362
585.4,4267,143789
585.5,4274,144215
585.6,4281,144643
585.7,4289,145072
585.8,4296,145501
585.9,4303,145931
586.0,4311,146362
586.1,4318,146793
586.2,4325,147225
586.3,4333,147658
586.4,4340,148092
586.5,4348,148526
586.6,4355,148961
586.7,4362,149397
586.8,4370,149834
586.9,4377,150271
587.0,4384,150709
587.1,4392,151148
587.2,4399,151588
587.3,4407,152028
587.4,4415,152469
587.5,4423,152911
587.6,4431,153353
587.7,4439,153797
587.8,4447,154241
587.9,4456,154686
588.0,4466,155132
588.1,4476,155579
588.2,4486,156028
588.3,4496,156477
588.4,4506,156927
588.5,4517,157378
588.6,4528,157830
588.7,4539,158284
588.8,4550,158738
588.9,4561,159194
589.0,4572,159650
589.1,4584,160108
589.2,4595,160567
589.3,4607,161027
589.4,4619,161488
589.5,4630,161951
589.6,4641,162414
589.7,4651,162879
589.8,4662,163344
589.9,4672,163811
590.0,4683,164279
590.1,4695,164748
590.2,4706,165218
590.3,4718,165689
590.4,4730,166162
590.5,4742,166635
590.6,4753,167110
590.7,4764,167586
590.8,4774,168063
590.9,4784,168541
591.0,4793,169019
591.1,4802,169499
591.2,4811,169980
591.3,4820,170461
591.4,4828,170944
591.5,4837,171427
591.6,4845,171911
591.7,4854,172396
591.8,4862,172882
591.9,4871,173368
592.0,4879,173856
592.1,4887,174344
592.2,4896,174833
592.3,4904,175323
592.4,4912,175814
592.5,4921,176306
592.6,4929,176798
592.7,4937,177291
592.8,4945,177785
592.9,4953,178280
593.0,4961,178776
593.1,4969,179272
593.2,4977,179770
593.3,4985,180268
593.4,4993,180767
593.5,5001,181267
593.6,5009,181767
593.7,5017,182268
593.8,5025,182770
593.9,5033,183273
594.0,5041,183777
594.1,5049,184281
594.2,5056,184787
594.3,5064,185293
594.4,5072,185800
594.5,5079,186307
594.6,5087,186815
594.7,5095,187324
594.8,5103,187834
594.9,5110,188345
595.0,5118,188856
595.1,5126,189368
595.2,5134,189882
595.3,5142,190395
595.4,5150,190910
595.5,5159,191425
595.6,5167,191941
595.7,5175,192459
595.8,5184,192977
595.9,5192,193496
596.0,5201,194015
596.1,5209,194535
596.2,5218,195057
596.3,5226,195579
596.4,5234,196102
596.5,5243,196626
596.6,5251,197151
596.7,5259,197676
596.8,5267,198203
596.9,5276,198730
597.0,5284,199258
597.1,5293,199786
597.2,5301,200316
597.3,5310,200847
597.4,5318,201378
597.5,5326,201910
597.6,5335,202443
597.7,5344,202977
597.8,5353,203512
597.9,5363,204048
598.0,5373,204585
598.1,5382,205122
598.2,5391,205661
598.3,5400,206201
598.4,5410,206741
598.5,5419,207283
598.6,5429,207825
598.7,5439,208369
598.8,5449,208913
598.9,5459,209458
599.0,5468,210005
599.1,5477,210552
599.2,5486,211100
599.3,5495,211649
599.4,5504,212199
599.5,5513,212750
599.6,5522,213301
599.7,5531,213854
599.8,5541,214408
599.9,5550,214963
600.0,5559,215518
600.1,5569,216074
600.2,5579,216632
600.3,5589,217190
600.4,5599,217750
600.5,5609,218310
600.6,5619,218871
600.7,5630,219434
600.8,5640,219997
600.9,5649,220562
601.0,5659,221127
601.1,5668,221693
601.2,5677,222261
601.3,5687,222829
601.4,5696,223398
601.5,5706,223968
601.6,5715,224539
601.7,5725,225111
601.8,5735,225684
601.9,5744,226258
602.0,5754,226833
602.1,5763,227409
602.2,5773,227986
602.3,5783,228563
602.4,5793,229142
602.5,5804,229722
602.6,5816,230303
602.7,5830,230885
602.8,5843,231469
602.9,5858,232054
603.0,5871,232640
603.1,5884,233228
603.2,5896,233817
603.3,5907,234407
603.4,5919,234999
603.5,5931,235591
603.6,5942,236185
603.7,5954,236780
603.8,5965,237375
603.9,5977,237973
604.0,5988,238571
604.1,6000,239170
604.2,6011,239771
604.3,6022,240372
604.4,6034,240975
604.5,6046,241579
604.6,6057,242184
604.7,6068,242791
604.8,6080,243398
604.9,6092,244007
605.0,6104,244616
605.1,6116,245227
605.2,6128,245840
605.3,6140,246453
605.4,6153,247068
605.5,6165,247683
605.6,6178,248300
605.7,6191,248919
605.8,6204,249539
605.9,6217,250160
606.0,6230,250782
606.1,6243,251406
606.2,6257,252031
606.3,6270,252657
606.4,6284,253285
606.5,6298,253914
606.6,6311,254544
606.7,6325,255176
606.8,6338,255809
606.9,6351,256444
607.0,6366,257080
607.1,6381,257717
607.2,6396,258356
607.3,6409,258996
607.4,6423,259638
607.5,6436,260280
607.6,6449,260925
607.7,6461,261570
607.8,6474,262217
607.9,6487,262865
608.0,6499,263514
608.1,6512,264165
608.2,6523,264817
608.3,6535,265470
608.4,6546,266124
608.5,6557,266779
608.6,6568,267435
608.7,6578,268092
608.8,6589,268751
608.9,6600,269410
609.0,6610,270071
609.1,6620,270732
609.2,6631,271395
609.3,6640,272058
609.4,6650,272723
609.5,6660,273388
609.6,6670,274055
609.7,6680,274722
609.8,6690,275391
609.9,6700,276060
610.0,6709,276731
610.1,6719,277402
610.2,6729,278074
610.3,6738,278748
610.4,6748,279422
610.5,6758,280097
610.6,6768,280774
610.7,6777,281451
610.8,6787,282129
610.9,6797,282808
611.0,6806,283488
611.1,6817,284169
611.2,6828,284852
611.3,6838,285535
611.4,6848,286220
611.5,6858,286905
611.6,6868,287591
611.7,6878,288278
611.8,6888,288967
611.9,6898,289656
612.0,6908,290346
612.1,6919,291038
612.2,6929,291730
612.3,6940,292424
612.4,6952,293118
612.5,6963,293814
612.6,6975,294511
612.7,6986,295209
612.8,6997,295908
612.9,7009,296609
613.0,7021,297310
613.1,7032,298012
613.2,7043,298716
613.3,7054,299421
613.4,7065,300127
613.5,7077,300834
613.6,7088,301542
613.7,7099,302252
613.8,7110,302962
613.9,7122,303674
614.0,7134,304387
614.1,7145,305100
614.2,7156,305816
614.3,7168,306532
614.4,7180,307250
614.5,7192,307968
614.6,7205,308688
614.7,7217,309409
614.8,7229,310131
614.9,7240,310855
615.0,7251,311579
615.1,7263,312305
615.2,7274,313032
615.3,7285,313760
615.4,7297,314489
615.5,7309,315219
615.6,7320,315950
615.7,7332,316683
615.8,7343,317417
615.9,7355,318152
616.0,7366,318888
616.1,7377,319625
616.2,7389,320363
616.3,7400,321102
616.4,7411,321843
616.5,7422,322585
616.6,7433,323327
616.7,7444,324071
616.8,7455,324816
616.9,7466,325563
617.0,7477,326310
617.1,7488,327058
617.2,7499,327807
617.3,7510,328558
617.4,7521,329309
617.5,7532,330062
617.6,7544,330816
617.7,7555,331571
617.8,7567,332327
617.9,7579,333084
618.0,7590,333842
618.1,7602,334602
618.2,7614,335363
618.3,7626,336125
618.4,7638,336888
618.5,7650,337652
618.6,7662,338418
618.7,7674,339185
618.8,7686,339953
618.9,7698,340722
619.0,7710,341492
619.1,7722,342264
619.2,7735,343037
619.3,7747,343811
619.4,7760,344586
619.5,7773,345363
619.6,7786,346140
619.7,7800,346920
619.8,7814,347700
619.9,7830,348483
620.0,7845,349266
620.1,7859,350051
620.2,7875,350838
620.3,7890,351626
620.4,7905,352416
620.5,7920,353208
620.6,7935,354000
620.7,7949,354795
620.8,7963,355590
620.9,7977,356387
621.0,7990,357185
621.1,8003,357985
621.2,8017,358786
621.3,8030,359588
621.4,8043,360392
621.5,8056,361197
621.6,8070,362003
621.7,8083,362811
621.8,8096,363620
621.9,8110,364430
622.0,8124,365242
622.1,8137,366055
622.2,8151,366869
622.3,8164,367685
622.4,8178,368502
622.5,8191,369321
622.6,8205,370140
622.7,8218,370962
622.8,8231,371784
622.9,8244,372608
623.0,8258,373433
623.1,8271,374259
623.2,8284,375087
623.3,8296,375916
623.4,8309,376746
623.5,8322,377578
623.6,8335,378410
623.7,8348,379245
623.8,8361,380080
623.9,8373,380917
624.0,8385,381755
624.1,8397,382594
624.2,8408,383434
624.3,8420,384275
624.4,8431,385118
624.5,8443,385962
624.6,8454,386806
624.7,8466,387653
624.8,8477,388500
624.9,8488,389348
625.0,8499,390197
625.1,8510,391048
625.2,8521,391899
625.3,8532,392752
625.4,8544,393606
625.5,8555,394461
625.6,8567,395317
625.7,8579,396174
625.8,8591,397032
625.9,8603,397892
626.0,8615,398753
626.1,8628,399615
626.2,8640,400479
626.3,8652,401343
626.4,8665,402209
626.5,8678,403076
626.6,8690,403944
626.7,8703,404814
626.8,8716,405685
626.9,8729,406558
627.0,8742,407431
627.1,8755,408306
627.2,8768,409182
627.3,8780,410059
627.4,8793,410938
627.5,8806,411818
627.6,8819,412699
627.7,8832,413582
627.8,8845,414466
627.9,8857,415351
628.0,8870,416237
628.1,8882,417125
628.2,8895,418014
628.3,8907,418904
628.4,8919,419795
628.5,8932,420688
628.6,8944,421581
628.7,8956,422476
628.8,8968,423372
628.9,8981,424270
629.0,8993,425169
629.1,9005,426068
629.2,9018,426970
629.3,9030,427872
629.4,9042,428776
629.5,9054,429681
629.6,9067,430586
629.7,9079,431494
629.8,9092,432402
629.9,9104,433312
630.0,9117,434223
630.1,9130,435135
630.2,9143,436049
630.3,9156,436964
630.4,9170,437881
630.5,9184,438798
630.6,9198,439717
630.7,9211,440638
630.8,9225,441559
630.9,9237,442483
631.0,9251,443407
631.1,9265,444333
631.2,9280,445260
631.3,9294,446189
631.4,9308,447119
631.5,9321,448050
631.6,9335,448983
631.7,9348,449917
631.8,9362,450853
631.9,9376,451790
632.0,9389,452728
632.1,9402,453667
632.2,9416,454608
632.3,9429,455551
632.4,9443,456494
632.5,9456,457439
632.6,9470,458385
632.7,9484,459333
632.8,9498,460282
632.9,9512,461233
633.0,9526,462185
633.1,9540,463138
633.2,9554,464093
633.3,9568,465049
633.4,9582,466006
633.5,9596,466965
633.6,9610,467925
633.7,9624,468887
633.8,9638,469850
633.9,9652,470815
634.0,9667,471781
634.1,9681,472748
634.2,9696,473717
634.3,9710,474687
634.4,9724,475659
634.5,9738,476632
634.6,9752,477606
634.7,9766,478583
634.8,9780,479560
634.9,9794,480539
635.0,9808,481519
635.1,9822,482500
635.2,9836,483483
635.3,9848,484467
635.4,9861,485453
635.5,9873,486439
635.6,9885,487427
635.7,9897,488417
635.8,9909,489407
635.9,9921,490398
636.0,9933,491391
636.1,9945,492385
636.2,9957,493380
636.3,9969,494376
636.4,9981,495374
636.5,9994,496372
636.6,10006,497372
636.7,10018,498374
636.8,10030,499376
636.9,10043,500380
637.0,10055,501385
637.1,10067,502390
637.2,10080,503398
637.3,10092,504406
637.4,10104,505417
637.5,10117,506427
637.6,10129,507439
637.7,10141,508453
637.8,10154,509468
637.9,10167,510484
638.0,10179,511501
638.1,10192,512520
638.2,10205,513540
638.3,10217,514561
638.4,10230,515583
638.5,10243,516607
638.6,10255,517631
638.7,10268,518658
638.8,10281,519685
638.9,10294,520714
639.0,10307,521744
639.1,10320,522775
639.2,10333,523808
639.3,10347,524842
639.4,10360,525878
639.5,10373,526914
639.6,10386,527952
639.7,10400,528991
639.8,10413,530032
639.9,10426,531074
640.0,10439,532117
640.1,10452,533161
640.2,10465,534208
640.3,10479,535255
640.4,10492,536304
640.5,10506,537353
640.6,10520,538404
640.7,10534,539457
640.8,10547,540511
640.9,10562,541567
641.0,10576,542624
641.1,10591,543682
641.2,10606,544742
641.3,10621,545803
641.4,10635,546866
641.5,10650,547930
641.6,10664,548996
641.7,10679,550063
641.8,10694,551132
641.9,10709,552202
642.0,10724,553273
642.1,10739,554346
642.2,10754,555421
642.3,10769,556497
642.4,10784,557575
642.5,10799,558654
642.6,10814,559734
642.7,10830,560817
642.8,10845,561901
642.9,10861,562986
643.0,10877,564073
643.1,10892,565161
643.2,10908,566252
643.3,10924,567343
643.4,10940,568436
643.5,10956,569531
643.6,10972,570627
643.7,10988,571725
643.8,11004,572825
643.9,11020,573926
644.0,11036,575029
644.1,11052,576133
644.2,11068,577239
644.3,11084,578347
644.4,11100,579456
644.5,11117,580567
644.6,11133,581679
644.7,11150,582794
644.8,11167,583909
644.9,11184,585027
645.0,11202,586146
645.1,11220,587267
645.2,11240,588391
645.3,11264,589515
645.4,11306,590644
645.5,11343,591776
645.6,11375,592912
645.7,11403,594051
645.8,11430,595193
645.9,11454,596337
646.0,11478,597484
646.1,11500,598632
646.2,11521,599784
646.3,11542,600937
646.4,11563,602092
646.5,11583,603249
646.6,11602,604408
646.7,11621,605570
646.8,11641,606733
646.9,11660,607898
647.0,11679,609065
647.1,11698,610233
647.2,11717,611405
647.3,11735,612577
647.4,11754,613752
647.5,11772,614928
647.6,11790,616106
647.7,11808,617286
647.8,11826,618467
647.9,11844,619651
648.0,11862,620836
648.1,11880,622023
648.2,11898,623212
648.3,11915,624403
648.4,11932,625595
648.5,11950,626789
648.6,11967,627985
648.7,11984,629183
648.8,12001,630382
648.9,12019,631583
649.0,12037,632786
649.1,12055,633990
649.2,12073,635197
649.3,12091,636405
649.4,12109,637615
649.5,12127,638826
649.6,12145,640040
649.7,12162,641256
649.8,12180,642472
649.9,12198,643692
650.0,12216,644912
650.1,12235,646134
650.2,12253,647359
650.3,12272,648585
650.4,12291,649814
650.5,12309,651043
650.6,12327,652275
650.7,12345,653509
650.8,12363,654744
650.9,12382,655982
651.0,12399,657221
651.1,12417,658461
651.2,12436,659704
651.3,12454,660948
651.4,12472,662195
651.5,12491,663443
651.6,12509,664693
651.7,12528,665945
651.8,12547,667198
651.9,12565,668454
652.0,12583,669711
652.1,12601,670970
652.2,12619,672232
652.3,12637,673494
652.4,12655,674759
652.5,12674,676026
652.6,12692,677294
652.7,12711,678564
652.8,12729,679836
652.9,12748,681110
653.0,12767,682386
653.1,12786,683663
653.2,12804,684943
653.3,12823,686224
653.4,12842,687508
653.5,12861,688792
653.6,12879,690079
653.7,12898,691368
653.8,12917,692659
653.9,12935,693952
654.0,12954,695246
654.1,12972,696542
654.2,12990,697841
654.3,13009,699140
654.4,13027,700442
654.5,13045,701746
654.6,13063,703051
654.7,13081,704358
654.8,13099,705667
654.9,13118,706979
655.0,13136,708291
655.1,13154,709605
655.2,13173,710922
655.3,13191,712240
655.4,13209,713560
655.5,13227,714882
655.6,13246,716205
655.7,13264,717531
655.8,13283,718858
655.9,13302,720188
656.0,13321,721518
656.1,13340,722851
656.2,13359,724187
656.3,13378,725523
656.4,13397,726862
656.5,13416,728203
656.6,13435,729545
656.7,13454,730890
656.8,13473,732236
656.9,13492,733584
657.0,13511,734934
657.1,13531,736286
657.2,13550,737641
657.3,13569,738996
657.4,13588,740355
657.5,13608,741714
657.6,13627,743075
657.7,13647,744440
657.8,13667,745805
657.9,13686,747173
658.0,13706,748542
658.1,13726,749914
658.2,13746,751288
658.3,13767,752663
658.4,13787,754041
658.5,13808,755421
658.6,13829,756802
658.7,13849,758187
658.8,13869,759572
658.9,13890,760961
659.0,13910,762350
659.1,13930,763742
659.2,13951,765137
659.3,13971,766532
659.4,13991,767931
659.5,14011,769331
659.6,14032,770732
659.7,14052,772137
659.8,14071,773543
659.9,14091,774952
660.0,14111,776361
660.1,14131,777773
660.2,14151,779188
660.3,14171,780603
660.4,14190,782022
660.5,14210,783442
660.6,14229,784863
660.7,14249,786288
660.8,14269,787713
660.9,14289,789142
661.0,14310,790571
661.1,14330,792003
661.2,14350,793437
661.3,14370,794873
661.4,14391,796312
661.5,14411,797751
661.6,14431,799193
661.7,14452,800638
661.8,14473,802084
661.9,14494,803533
662.0,14515,804983
662.1,14537,806435
662.2,14558,807890
662.3,14580,809347
662.4,14602,810806
662.5,14624,812267
662.6,14646,813730
662.7,14668,815197
662.8,14690,816664
662.9,14712,818135
663.0,14734,819607
663.1,14756,821081
663.2,14779,822558
663.3,14801,824037
663.4,14824,825518
663.5,14846,827001
663.6,14869,828487
663.7,14891,829975
663.8,14913,831465
663.9,14935,832958
664.0,14957,834452
664.1,14978,835949
664.2,14999,837448
664.3,15021,838949
664.4,15042,840452
664.5,15063,841957
664.6,15085,843464
664.7,15106,844974
664.8,15127,846486
664.9,15148,848000
665.0,15170,849515
665.1,15192,851033
665.2,15213,852554
665.3,15235,854076
665.4,15257,855601
665.5,15279,857127
665.6,15301,858656
665.7,15324,860188
665.8,15346,861721
665.9,15369,863257
666.0,15392,864795
666.1,15415,866335
666.2,15438,867878
666.3,15462,869423
666.4,15486,870971
666.5,15510,872520
666.6,15534,874072
666.7,15559,875627
666.8,15584,877184
666.9,15609,878744
667.0,15634,880306
667.1,15660,881870
667.2,15685,883438
667.3,15711,885007
667.4,15737,886580
667.5,15763,888155
667.6,15789,889732
667.7,15814,891313
667.8,15840,892895
667.9,15865,894481
668.0,15890,896069
668.1,15914,897658
668.2,15939,899252
668.3,15964,900846
668.4,15990,902445
668.5,16015,904044
668.6,16040,905647
668.7,16065,907253
668.8,16090,908860
668.9,16115,910471
669.0,16140,912083
669.1,16165,913698
669.2,16190,915317
669.3,16215,916936
669.4,16240,918560
669.5,16265,920185
669.6,16290,921812
669.7,16314,923443
669.8,16339,925075
669.9,16364,926711
670.0,16388,928348
670.1,16413,929987
670.2,16437,931631
670.3,16461,933275
670.4,16486,934923
670.5,16510,936572
670.6,16535,938224
670.7,16560,939880
670.8,16584,941536
670.9,16609,943197
671.0,16634,944858
671.1,16658,946523
671.2,16683,948190
671.3,16708,949859
671.4,16732,951532
671.5,16757,953206
671.6,16781,954883
671.7,16805,956563
671.8,16830,958244
671.9,16854,959929
672.0,16879,961615
672.1,16904,963304
672.2,16928,964996
672.3,16952,966689
672.4,16976,968387
672.5,17001,970085
672.6,17025,971786
672.7,17048,973490
672.8,17072,975196
672.9,17096,976905
673.0,17120,978615
673.1,17143,980328
673.2,17166,982044
673.3,17190,983761
673.4,17213,985482
673.5,17237,987204
673.6,17260,988929
673.7,17284,990656
673.8,17309,992386
673.9,17333,994118
674.0,17359,995853
674.1,17384,997589
674.2,17409,999329
674.3,17434,1001071
674.4,17459,1002816
674.5,17484,1004563
674.6,17509,1006312
674.7,17535,1008065
674.8,17560,1009819
674.9,17586,1011577
675.0,17612,1013337
675.1,17638,1015099
675.2,17664,1016864
675.3,17690,1018632
675.4,17717,1020403
675.5,17744,1022175
675.6,17770,1023950
675.7,17797,1025730
675.8,17823,1027510
675.9,17849,1029294
676.0,17874,1031080
676.1,17899,1032868
676.2,17924,1034660
676.3,17950,1036453
676.4,17975,1038250
676.5,18000,1040048
676.6,18024,1041849
676.7,18049,1043653
676.8,18073,1045459
676.9,18098,1047268
677.0,18123,1049079
677.1,18147,1050892
677.2,18172,1052709
677.3,18197,1054527
677.4,18222,1056348
677.5,18247,1058171
677.6,18272,1059997
677.7,18296,1061826
677.8,18320,1063656
677.9,18344,1065490
678.0,18368,1067325
678.1,18391,1069163
678.2,18415,1071004
678.3,18438,1072846
678.4,18461,1074691
678.5,18485,1076538
678.6,18508,1078388
678.7,18531,1080240
678.8,18555,1082094
678.9,18578,1083951
679.0,18602,1085810
679.1,18625,1087671
679.2,18649,1089535
679.3,18672,1091401
679.4,18696,1093270
679.5,18719,1095140
679.6,18742,1097013
679.7,18766,1098889
679.8,18789,1100766
679.9,18812,1102647
680.0,18836,1104529
680.1,18859,1106413
680.2,18882,1108301
680.3,18904,1110189
680.4,18927,1112082
680.5,18950,1113975
680.6,18972,1115871
680.7,18995,1117770
680.8,19017,1119670
680.9,19040,1121574
681.0,19062,1123478
681.1,19084,1125385
681.2,19107,1127295
681.3,19130,1129207
681.4,19153,1131121
681.5,19176,1133037
681.6,19297,1134956
681.7,19339,1136888
681.8,19377,1138824
681.9,19413,1140764
682.0,19446,1142706
682.1,19477,1144652
682.2,19507,1146602
682.3,19536,1148554
682.4,19565,1150509
682.5,19594,1152467
682.6,19623,1154427
682.7,19652,1156392
682.8,19682,1158358
682.9,19713,1160328
683.0,19745,1162301
683.1,19775,1164276
683.2,19803,1166256
683.3,19831,1168237
683.4,19857,1170222
683.5,19883,1172209
683.6,19909,1174198
683.7,19935,1176191
683.8,19960,1178185
683.9,19985,1180183
684.0,20011,1182183
684.1,20036,1184184
684.2,20061,1186190
684.3,20086,1188197
684.4,20111,1190207
684.5,20136,1192219
684.6,20161,1194233
684.7,20185,1196251
684.8,20210,1198271
684.9,20235,1200294
685.0,20259,1202318
685.1,20283,1204344
685.2,20307,1206375
685.3,20330,1208406
685.4,20354,1210441
685.5,20377,1212477
685.6,20400,1214515
685.7,20424,1216557
685.8,20447,1218600
685.9,20471,1220647
686.0,20495,1222695
686.1,20519,1224745
686.2,20544,1226799
686.3,20568,1228854
686.4,20593,1230913
686.5,20617,1232973
686.6,20641,1235035
686.7,20665,1237101
686.8,20689,1239168
686.9,20713,1241239
687.0,20737,1243311
687.1,20761,1245386
687.2,20785,1247464
687.3,20808,1249543
687.4,20832,1251626
687.5,20856,1253709
687.6,20879,1255796
687.7,20903,1257885
687.8,20926,1259976
687.9,20950,1262071
688.0,20974,1264167
688.1,20997,1266265
688.2,21021,1268366
688.3,21045,1270469
688.4,21069,1272576
688.5,21093,1274683
688.6,21116,1276793
688.7,21140,1278907
688.8,21164,1281021
688.9,21188,1283140
689.0,21212,1285259
689.1,21236,1287381
689.2,21260,1289507
689.3,21283,1291633
689.4,21307,1293764
689.5,21331,1295895
689.6,21355,1298029
689.7,21379,1300166
689.8,21402,1302305
689.9,21426,1304447
690.0,21450,1306590
690.1,21475,1308736
690.2,21499,1310886
690.3,21524,1313036
690.4,21548,1315191
690.5,21573,1317346
690.6,21598,1319504
690.7,21623,1321666
690.8,21647,1323829
690.9,21672,1325996
691.0,21696,1328163
691.1,21721,1330334
691.2,21745,1332508
691.3,21770,1334683
691.4,21795,1336862
691.5,21820,1339042
691.6,21845,1341225
691.7,21870,1343412
691.8,21895,1345599
691.9,21920,1347791
692.0,21945,1349983
692.1,21971,1352179
692.2,21996,1354378
692.3,22021,1356578
692.4,22047,1358782
692.5,22072,1360988
692.6,22098,1363196
692.7,22123,1365408
692.8,22149,1367621
692.9,22174,1369838
693.0,22200,1372056
693.1,22226,1374276
693.2,22252,1376501
693.3,22278,1378727
693.4,22304,1380957
693.5,22330,1383188
693.6,22356,1385422
693.7,22382,1387659
693.8,22409,1389898
693.9,22435,1392141
694.0,22462,1394386
694.1,22488,1396633
694.2,22515,1398884
694.3,22542,1401136
694.4,22568,1403392
694.5,22595,1405650
694.6,22622,1407910
694.7,22648,1410174
694.8,22675,1412440
694.9,22702,1414710
695.0,22729,1416981
695.1,22756,1419254
695.2,22783,1421532
695.3,22810,1423811
695.4,22837,1426094
695.5,22865,1428379
695.6,22892,1430666
695.7,22920,1432958
695.8,22947,1435250
695.9,22974,1437547
696.0,23002,1439846
696.1,23029,1442147
696.2,23057,1444452
696.3,23085,1446758
696.4,23112,1449069
696.5,23140,1451381
696.6,23168,1453696
696.7,23196,1456015
696.8,23224,1458335
696.9,23252,1460660
697.0,23280,1462986
697.1,23308,1465315
697.2,23336,1467648
697.3,23364,1469982
697.4,23392,1472321
697.5,23419,1474661
697.6,23447,1477004
697.7,23475,1479351
697.8,23502,1481699
697.9,23530,1484051
698.0,23558,1486405
698.1,23586,1488762
698.2,23614,1491123
698.3,23642,1493485
698.4,23671,1495852
698.5,23699,1498219
698.6,23729,1500590
698.7,23758,1502966
698.8,23788,1505342
698.9,23818,1507723
699.0,23848,1510106
699.1,23878,1512492
699.2,23908,1514882
699.3,23938,1517274
699.4,23968,1519670
699.5,23998,1522067
699.6,24027,1524468
699.7,24057,1526873
699.8,24087,1529280
699.9,24117,1531691
700.0,24147,1534104
700.1,24177,1536519
700.2,24207,1538939
700.3,24236,1541361
700.4,24266,1543787
700.5,24296,1546214
700.6,24327,1548645
700.7,24357,1551080
700.8,24388,1553517
700.9,24418,1555958
701.0,24449,1558400
701.1,24479,1560846
701.2,24510,1563297
701.3,24540,1565749
701.4,24571,1568205
701.5,24601,1570663
701.6,24632,1573124
701.7,24663,1575590
701.8,24693,1578057
701.9,24724,1580529
702.0,24754,1583002
702.1,24785,1585478
702.2,24816,1587959
702.3,24846,1590442
702.4,24877,1592929
702.5,24908,1595417
702.6,24938,1597909
702.7,24970,1600405
702.8,25001,1602903
702.9,25032,1605406
703.0,25064,1607910
703.1,25096,1610417
703.2,25127,1612930
703.3,25159,1615443
703.4,25191,1617962
703.5,25222,1620482
703.6,25253,1623005
703.7,25284,1625533
703.8,25316,1628062
703.9,25347,1630596
704.0,25379,1633132
704.1,25410,1635670
704.2,25442,1638214
704.3,25474,1640759
704.4,25506,1643309
704.5,25537,1645861
704.6,25570,1648415
704.7,25602,1650975
704.8,25635,1653536
704.9,25667,1656102
705.0,25700,1658670
705.1,25734,1661241
705.2,25768,1663817
705.3,25802,1666395
705.4,25835,1668978
705.5,25869,1671562
705.6,25904,1674150
705.7,25938,1676743
705.8,25972,1679338
705.9,26006,1681938
706.0,26041,1684540
706.1,26075,1687145
706.2,26109,1689755
706.3,26144,1692367
706.4,26178,1694984
706.5,26212,1697603
706.6,26247,1700225
706.7,26281,1702852
706.8,26316,1705482
706.9,26351,1708116
707.0,26387,1710752
707.1,26422,1713392
707.2,26457,1716037
707.3,26493,1718684
707.4,26528,1721336
707.5,26564,1723990
707.6,26600,1726647
707.7,26635,1729310
707.8,26671,1731975
707.9,26707,1734645
708.0,26743,1737316
708.1,26778,1739992
708.2,26813,1742672
708.3,26848,1745355
708.4,26884,1748042
708.5,26920,1750732
708.6,26955,1753425
708.7,26991,1756123
708.8,27026,1758823
708.9,27062,1761529
709.0,27098,1764236
709.1,27133,1766947
709.2,27169,1769663
709.3,27205,1772381
709.4,27241,1775104
709.5,27277,1777830
709.6,27312,1780558
709.7,27348,1783292
709.8,27384,1786028
709.9,27421,1788770
710.0,27458,1791513
710.1,27494,1794260
710.2,27531,1797012
710.3,27568,1799766
710.4,27605,1802526
710.5,27642,1805288
710.6,27679,1808053
710.7,27716,1810824
710.8,27753,1813597
710.9,27790,1816375
711.0,27827,1819155
711.1,27863,1821939
711.2,27900,1824728
711.3,27936,1827519
711.4,27973,1830315
711.5,28010,1833114
711.6,28047,1835916
711.7,28084,1838724
711.8,28122,1841533
711.9,28159,1844348
712.0,28197,1847165
712.1,28234,1849986
712.2,28271,1852813
712.3,28309,1855641
712.4,28346,1858475
712.5,28383,1861310
712.6,28420,1864150
712.7,28457,1866995
712.8,28495,1869842
712.9,28532,1872694
713.0,28569,1875548
713.1,28606,1878406
713.2,28643,1881270
713.3,28679,1884135
713.4,28716,1887006
713.5,28753,1889879
713.6,28790,1892755
713.7,28827,1895637
713.8,28864,1898521
713.9,28901,1901410
714.0,28938,1904302
714.1,28976,1907197
714.2,29013,1910097
714.3,29050,1912999
714.4,29087,1915907
714.5,29124,1918817
714.6,29160,1921731
714.7,29197,1924650
714.8,29234,1927570
714.9,29271,1930497
715.0,29308,1933425
715.1,29344,1936357
715.2,29381,1939294
715.3,29418,1942233
715.4,29454,1945178
715.5,29491,1948125
715.6,29527,1951075
715.7,29564,1954030
715.8,29602,1956988
715.9,29639,1959951
716.0,29677,1962916
716.1,29714,1965885
716.2,29753,1968859
716.3,29791,1971836
716.4,29828,1974818
716.5,29866,1977802
716.6,29904,1980790
716.7,29941,1983783
716.8,29979,1986778
716.9,30017,1989779
717.0,30054,1992782
717.1,30092,1995789
717.2,30130,1998801
717.3,30167,2001815
717.4,30205,2004835
717.5,30242,2007856
717.6,30279,2010881
717.7,30317,2013912
717.8,30354,2016945
717.9,30391,2019984
718.0,30429,2023024
718.1,30466,2026068
718.2,30503,2029117
718.3,30541,2032169
718.4,30578,2035226
718.5,30615,2038285
718.6,30652,2041347
718.7,30690,2044416
718.8,30727,2047486
718.9,30765,2050562
719.0,30802,2053639
719.1,30840,2056721
719.2,30878,2059807
719.3,30915,2062896
719.4,30953,2065991
719.5,30990,2069087
719.6,31028,2072187
719.7,31065,2075293
719.8,31102,2078401
719.9,31139,2081514
720.0,31177,2084629
720.1,31214,2087748
720.2,31252,2090872
720.3,31290,2093998
720.4,31328,2097130
720.5,31367,2100264
720.6,31406,2103402
720.7,31446,2106546
720.8,31485,2109692
720.9,31524,2112843
721.0,31563,2115997
721.1,31602,2119154
721.2,31640,2122318
721.3,31679,2125483
721.4,31717,2128654
721.5,31756,2131827
721.6,31795,2135004
721.7,31834,2138186
721.8,31873,2141371
721.9,31913,2144561
722.0,31952,2147754
722.1,31991,2150950
722.2,32031,2154152
722.3,32070,2157357
722.4,32109,2160567
722.5,32148,2163779
722.6,32187,2166995
722.7,32226,2170217
722.8,32265,2173440
722.9,32304,2176670
723.0,32343,2179902
723.1,32382,2183137
723.2,32421,2186378
723.3,32460,2189622
723.4,32500,2192871
723.5,32539,2196122
723.6,32579,2199377
723.7,32618,2202638
723.8,32658,2205901
723.9,32697,2209170
724.0,32737,2212441
724.1,32777,2215716
724.2,32818,2218997
724.3,32858,2222280
724.4,32898,2225569
724.5,32938,2228860
724.6,32978,2232155
724.7,33019,2235456
724.8,33059,2238759
724.9,33099,2242068
725.0,33139,2245379
725.1,33179,2248694
725.2,33220,2252015
725.3,33260,2255338
725.4,33301,2258668
725.5,33342,2261999
725.6,33383,2265334
725.7,33424,2268676
725.8,33466,2272020
725.9,33507,2275370
726.0,33548,2278721
726.1,33589,2282078
726.2,33630,2285440
726.3,33671,2288804
726.4,33712,2292174
726.5,33752,2295547
726.6,33793,2298923
726.7,33834,2302306
726.8,33874,2305690
726.9,33915,2309081
727.0,33956,2312474
727.1,33997,2315870
727.2,34037,2319273
727.3,34078,2322678
727.4,34119,2326089
727.5,34161,2329503
727.6,34202,2332920
727.7,34243,2336343
727.8,34285,2339769
727.9,34326,2343201
728.0,34367,2346634
728.1,34408,2350072
728.2,34449,2353516
728.3,34490,2356963
728.4,34531,2360415
728.5,34572,2363869
728.6,34613,2367328
728.7,34654,2370792
728.8,34695,2374259
728.9,34737,2377732
729.0,34778,2381207
729.1,34819,2384686
729.2,34860,2388171
729.3,34902,2391658
729.4,34945,2395152
729.5,34987,2398647
729.6,35029,2402147
729.7,35071,2405654
729.8,35113,2409162
729.9,35156,2412677
730.0,35198,2416194
730.1,35241,2419715
730.2,35283,2423242
730.3,35326,2426772
730.4,35369,2430308
730.5,35411,2433846
730.6,35454,2437388
730.7,35496,2440937
730.8,35539,2444488
730.9,35581,2448045
731.0,35623,2451605
731.1,35665,2455168
731.2,35706,2458738
731.3,35748,2462310
731.4,35789,2465888
731.5,35831,2469468
731.6,35872,2473052
731.7,35914,2476643
731.8,35955,2480235
731.9,35997,2483834
732.0,36039,2487435
732.1,36080,2491040
732.2,36121,2494652
732.3,36162,2498265
732.4,36203,2501885
732.5,36245,2505506
732.6,36286,2509132
732.7,36327,2512764
732.8,36369,2516398
732.9,36411,2520038
733.0,36452,2523680
733.1,36494,2527327
733.2,36536,2530979
733.3,36577,2534634
733.4,36619,2538295
733.5,36661,2541959
733.6,36703,2545626
733.7,36746,2549300
733.8,36788,2552975
733.9,36830,2556658
734.0,36872,2560342
734.1,36914,2564030
734.2,36956,2567725
734.3,36998,2571422
734.4,37040,2575125
734.5,37082,2578830
734.6,37125,2582540
734.7,37167,2586256
734.8,37210,2589974
734.9,37253,2593698
735.0,37296,2597425
735.1,37339,2601155
735.2,37382,2604893
735.3,37426,2608632
735.4,37469,2612379
735.5,37513,2616127
735.6,37557,2619879
735.7,37600,2623639
735.8,37644,2627400
735.9,37688,2631168
736.0,37731,2634938
736.1,37775,2638712
736.2,37819,2642493
736.3,37862,2646276
736.4,37906,2650066
736.5,37950,2653858
736.6,37994,2657654
736.7,38038,2661457
736.8,38082,2665263
736.9,38126,2669074
737.0,38170,2672888
737.1,38214,2676707
737.2,38258,2680532
737.3,38302,2684359
737.4,38346,2688192
737.5,38391,2692028
737.6,38435,2695869
737.7,38479,2699716
737.8,38523,2703565
737.9,38568,2707421
738.0,38612,2711279
738.1,38656,2715141
738.2,38701,2719011
738.3,38746,2722882
738.4,38790,2726760
738.5,38835,2730641
738.6,38880,2734525
738.7,38924,2738417
738.8,38969,2742311
738.9,39013,2746211
739.0,39058,2750114
739.1,39102,2754021
739.2,39147,2757935
739.3,39192,2761851
739.4,39237,2765774
739.5,39282,2769699
739.6,39327,2773628
739.7,39372,2777564
739.8,39417,2781503
739.9,39462,2785448
740.0,39508,2789396
740.1,39553,2793348
740.2,39598,2797307
740.3,39643,2801268
740.4,39688,2805236
740.5,39733,2809206
740.6,39778,2813181
740.7,39824,2817162
740.8,39869,2821146
740.9,39914,2825137
741.0,39959,2829129
741.1,40004,2833126
741.2,40049,2837131
741.3,40094,2841137
741.4,40139,2845150
741.5,40184,2849165
741.6,40228,2853185
741.7,40273,2857211
741.8,40318,2861240
741.9,40362,2865275
742.0,40407,2869313
742.1,40452,2873355
742.2,40496,2877404
742.3,40541,2881454
742.4,40586,2885512
742.5,40631,2889572
742.6,40675,2893636
742.7,40720,2897708
742.8,40765,2901781
742.9,40810,2905861
743.0,40854,2909943
743.1,40899,2914030
743.2,40944,2918124
743.3,40989,2922219
743.4,41033,2926322
743.5,41078,2930426
743.6,41123,2934535
743.7,41168,2938652
743.8,41213,2942770
743.9,41258,2946895
744.0,41302,2951022
744.1,41347,2955153
744.2,41392,2959292
744.3,41437,2963432
744.4,41482,2967580
744.5,41526,2971729
744.6,41571,2975883
744.7,41617,2980044
744.8,41662,2984207
744.9,41708,2988377
745.0,41754,2992549
